>AA
1.909808  0.767473  0.587951  -0.038126  0.006261  0.046108
0.767473  3.395142  1.246764  0.001007  -0.067400  -0.158766
0.587951  1.246764  10.034796  -0.256673  -0.045858  -0.190200
-0.038126  0.001007  -0.256673  0.047905  0.001016  0.006916
0.006261  -0.067400  -0.045858  0.001016  0.023552  0.008949
0.046108  -0.158766  -0.190200  0.006916  0.008949  0.039108
-0.421210  -0.243381  3.296345  -2.847672  0.557357  35.767072
>AC
1.465942  0.092268  0.303901  -0.044196  0.002832  0.036697
0.092268  4.137157  3.113966  -0.020511  0.015574  -0.108394
0.303901  3.113966  11.245513  0.039361  0.090337  -0.196421
-0.044196  -0.020511  0.039361  0.045088  0.005395  0.005273
0.002832  0.015574  0.090337  0.005395  0.027158  0.009003
0.036697  -0.108394  -0.196421  0.005273  0.009003  0.041013
0.180167  -0.637215  3.337304  -0.720857  -0.949421  32.343254
>AG
1.603646  0.373555  0.387156  -0.057825  0.032175  0.074469
0.373555  2.718974  1.769267  -0.009138  -0.054144  -0.107446
0.387156  1.769267  9.674110  -0.238209  -0.052844  -0.213330
-0.057825  -0.009138  -0.238209  0.047849  0.002990  0.007669
0.032175  -0.054144  -0.052844  0.002990  0.023342  0.008309
0.074469  -0.107446  -0.213330  0.007669  0.008309  0.036130
-0.282752  -0.496277  3.332013  -2.436689  2.549561  33.742174
>AT
1.884020  -0.092656  0.017283  -0.002242  0.005461  -0.007813
-0.092656  5.017890  3.062850  -0.004414  -0.054271  -0.114154
0.017283  3.062850  11.217700  -0.013998  0.048572  -0.166342
-0.002242  -0.004414  -0.013998  0.045879  -0.000034  0.000243
0.005461  -0.054271  0.048572  -0.000034  0.030799  0.010452
-0.007813  -0.114154  -0.166342  0.000243  0.010452  0.047198
0.059253  -0.811075  3.268110  0.141143  -1.581970  30.777300
>CA
0.862973  0.079289  0.275618  -0.075563  0.000992  -0.022425
0.079289  2.794791  0.838478  -0.000650  0.018755  -0.115741
0.275618  0.838478  8.257256  0.016699  -0.102220  -0.230222
-0.075563  -0.000650  0.016699  0.029806  -0.000987  0.001238
0.000992  0.018755  -0.102220  -0.000987  0.018562  0.009086
-0.022425  -0.115741  -0.230222  0.001238  0.009086  0.026525
-0.376052  -0.014287  3.192833  -0.875295  6.747460  33.172648
>CC
1.494721  -0.241699  -0.641825  -0.140123  -0.032931  -0.032870
-0.241699  1.982274  1.761342  -0.001953  -0.004642  -0.102946
-0.641825  1.761342  10.484928  0.320933  -0.014399  -0.194649
-0.140123  -0.001953  0.320933  0.052792  0.002927  -0.000182
-0.032931  -0.004642  -0.014399  0.002927  0.021447  0.006995
-0.032870  -0.102946  -0.194649  -0.000182  0.006995  0.032895
0.201111  -0.454454  3.472527  -0.034466  3.667989  35.291107
>CG
1.166604  -0.115987  -0.024655  -0.119269  0.004394  0.001797
-0.115987  3.091091  0.721508  -0.007892  0.009712  -0.121076
-0.024655  0.721508  8.487534  -0.004504  -0.093466  -0.251863
-0.119269  -0.007892  -0.004504  0.032166  -0.000086  0.000971
0.004394  0.009712  -0.093466  -0.000086  0.018690  0.006968
0.001797  -0.121076  -0.251863  0.000971  0.006968  0.025302
0.108433  0.090676  3.154056  0.758888  6.300232  33.342442
>CT
1.603646  -0.373555  -0.387156  -0.057825  -0.032175  -0.074469
-0.373555  2.718974  1.769267  0.009138  -0.054144  -0.107446
-0.387156  1.769267  9.674110  0.238209  -0.052844  -0.213330
-0.057825  0.009138  0.238209  0.047849  -0.002990  -0.007669
-0.032175  -0.054144  -0.052844  -0.002990  0.023342  0.008309
-0.074469  -0.107446  -0.213330  -0.007669  0.008309  0.036130
0.282752  -0.496277  3.332013  2.436689  2.549561  33.742174
>GA
1.523367  0.622332  0.807347  -0.104327  0.020823  -0.019529
0.622332  2.660141  1.326061  0.014706  -0.033285  -0.137174
0.807347  1.326061  10.872390  -0.333001  -0.015770  -0.167815
-0.104327  0.014706  -0.333001  0.047686  -0.003844  0.000274
0.020823  -0.033285  -0.015770  -0.003844  0.023258  0.010049
-0.019529  -0.137174  -0.167815  0.000274  0.010049  0.034280
-0.517199  -0.012788  3.369067  -1.792635  1.432297  37.438919
>GC
1.890366  -0.115898  -0.020346  -0.125343  -0.002383  -0.001959
-0.115898  3.335610  2.861302  0.008998  0.045435  -0.104986
-0.020346  2.861302  11.808055  0.016199  0.121836  -0.228799
-0.125343  0.008998  0.016199  0.044537  0.000706  -0.000205
-0.002383  0.045435  0.121836  0.000706  0.027142  0.005901
-0.001959  -0.104986  -0.228799  -0.000205  0.005901  0.039038
0.034977  -0.477444  3.448846  -0.248074  -0.820703  35.760834
>GG
1.534393  0.268224  0.631650  -0.140877  0.033279  0.032972
0.268224  1.960227  1.796053  0.000906  -0.003597  -0.101824
0.631650  1.796053  10.429510  -0.318204  -0.015193  -0.195700
-0.140877  0.000906  -0.318204  0.052808  -0.003012  0.000145
0.033279  -0.003597  -0.015193  -0.003012  0.021652  0.006935
0.032972  -0.101824  -0.195700  0.000145  0.006935  0.032820
-0.202581  -0.467640  3.476555  0.024613  3.744372  35.221398
>GT
1.465942  -0.092268  -0.303901  -0.044196  -0.002832  -0.036697
-0.092268  4.137157  3.113966  0.020511  0.015574  -0.108394
-0.303901  3.113966  11.245513  -0.039361  0.090337  -0.196421
-0.044196  0.020511  -0.039361  0.045088  -0.005395  -0.005273
-0.002832  0.015574  0.090337  -0.005395  0.027158  0.009003
-0.036697  -0.108394  -0.196421  -0.005273  0.009003  0.041013
-0.180167  -0.637215  3.337304  0.720857  -0.949421  32.343254
>TA
0.525818  0.002051  -0.046225  -0.042806  0.003669  0.003329
0.002051  2.599169  0.843413  0.000764  0.021530  -0.134764
-0.046225  0.843413  8.123801  0.006412  -0.104889  -0.221536
-0.042806  0.000764  0.006412  0.026132  -0.000240  -0.000270
0.003669  0.021530  -0.104889  -0.000240  0.018278  0.012013
0.003329  -0.134764  -0.221536  -0.000270  0.012013  0.030838
-0.050098  0.078014  3.213835  0.043370  5.651145  34.788886
>TC
1.506760  -0.613876  -0.804981  -0.104388  -0.020161  0.017223
-0.613876  2.687174  1.317676  -0.016015  -0.033721  -0.138593
-0.804981  1.317676  10.926067  0.335873  -0.015055  -0.166015
-0.104388  -0.016015  0.335873  0.047943  0.003940  0.000001
-0.020161  -0.033721  -0.015055  0.003940  0.023126  0.009831
0.017223  -0.138593  -0.166015  0.000001  0.009831  0.034073
0.508803  -0.016647  3.370462  1.722705  1.361024  37.483478
>TG
0.870032  -0.077136  -0.282867  -0.075146  0.000817  0.022436
-0.077136  2.761090  0.829942  -0.000008  0.018761  -0.112940
-0.282867  0.829942  8.241020  -0.016879  -0.102159  -0.229835
-0.075146  -0.000008  -0.016879  0.029711  0.001064  -0.001117
0.000817  0.018761  -0.102159  0.001064  0.018604  0.009174
0.022436  -0.112940  -0.229835  -0.001117  0.009174  0.026259
0.386348  -0.022337  3.192590  0.811607  6.798300  33.134900
>TT
1.855709  -0.741696  -0.558963  -0.034468  -0.003401  -0.040433
-0.741696  3.366766  1.215014  -0.005173  -0.068876  -0.160412
-0.558963  1.215014  9.968840  0.250245  -0.044507  -0.190626
-0.034468  -0.005173  0.250245  0.047444  -0.001066  -0.006992
-0.003401  -0.068876  -0.044507  -0.001066  0.023357  0.008909
-0.040433  -0.160412  -0.190626  -0.006992  0.008909  0.038774
0.428327  -0.244090  3.291951  2.809940  0.460313  35.744276
>AM					
1.711000  -0.513000  0.162000  -0.008000  0.020000  -0.018000
-0.513000  4.780000  3.361000  0.005000  -0.009000  -0.165000
0.162000  3.361000  11.915000  -0.008000  0.121000  -0.170000
-0.008000  0.005000  -0.008000  0.052000  0.002000  -0.002000
0.020000  -0.009000  0.121000  0.002000  0.034000  0.010000
-0.018000  -0.165000  -0.170000  -0.002000  0.010000  0.061000
0.598000  -0.853000  3.403000  0.600000  -2.725000  32.425000
>CM					
2.346000  -1.026000  -0.655000  -0.094000  -0.034000  -0.104000
-1.026000  3.312000  1.650000  0.045000  0.001000  -0.214000
-0.655000  1.650000  11.611000  0.349000  0.056000  -0.185000
-0.094000  0.045000  0.349000  0.064000  0.001000  -0.009000
-0.034000  0.001000  0.056000  0.001000  0.026000  0.004000
-0.104000  -0.214000  -0.185000  -0.009000  0.004000  0.057000
0.810000  -0.470000  3.395000  3.530000  -0.030000  35.790000
>GM					
2.187000  -1.085000  -0.336000  -0.087000  -0.011000  -0.037000
-1.085000  4.686000  3.280000  0.040000  0.066000  -0.185000
-0.336000  3.280000  12.704000  -0.010000  0.175000  -0.180000
-0.087000  0.040000  -0.010000  0.051000  -0.004000  -0.006000
-0.011000  0.066000  0.175000  -0.004000  0.031000  0.004000
-0.037000  -0.185000  -0.180000  -0.006000  0.004000  0.058000
0.645000  -0.570000  3.415000  1.950000  -2.450000  34.750000
>TM					
2.394000  -0.973000  -0.779000  -0.059000  -0.022000  -0.027000
-0.973000  4.292000  1.491000  0.036000  -0.052000  -0.269000
-0.779000  1.492000  11.985000  0.362000  0.042000  -0.146000
-0.059000  0.036000  0.362000  0.058000  0.002000  -0.006000
-0.022000  -0.052000  0.042000  0.002000  0.028000  0.009000
-0.027000  -0.269000  -0.146000  -0.006000  0.009000  0.067000
0.990000  -0.020000  3.340000  3.800000  -1.100000  38.300000
>gA					
2.222000  0.954000  0.733000  -0.057000  0.034000  0.049000
0.954000  4.239000  1.559000  -0.042000  -0.044000  -0.263000
0.733000  1.559000  11.920000  -0.362000  0.038000  -0.170000
-0.057000  -0.042000  -0.362000  0.056000  -0.002000  0.006000
0.034000  -0.044000  0.038000  -0.002000  0.029000  0.008000
0.049000  -0.263000  -0.170000  0.006000  0.008000  0.063000
-0.925000  -0.065000  3.340000  -3.550000  -1.025000  37.950000
>gC					
2.224000  1.043000  0.227000  -0.096000  0.012000  0.026000
1.043000  4.316000  3.323000  -0.041000  0.049000  -0.179000
0.227000  3.323000  12.436000  0.013000  0.168000  -0.179000
-0.096000  -0.041000  0.013000  0.050000  0.004000  0.006000
0.012000  0.049000  0.168000  0.004000  0.032000  0.005000
0.026000  -0.179000  -0.179000  0.006000  0.005000  0.054000
-0.545000  -0.705000  3.460000  -1.875000  -2.075000  34.650000
>gG					
2.286000  0.879000  0.476000  -0.097000  0.040000  0.101000
0.879000  3.064000  1.536000  -0.034000  0.000000  -0.214000
0.476000  1.536000  11.097000  -0.319000  0.044000  -0.193000
-0.097000  -0.034000  -0.319000  0.061000  -0.001000  0.009000
0.040000  0.000000  0.044000  -0.001000  0.027000  0.005000
0.101000  -0.214000  -0.193000  0.009000  0.005000  0.057000
-0.850000  -0.440000  3.390000  -3.600000  0.100000  36.100000
>gT					
1.995000  0.231000  -0.339000  -0.020000  -0.007000  0.017000
0.231000  4.557000  3.415000  0.011000  -0.036000  -0.163000
-0.339000  3.415000  11.930000  0.017000  0.119000  -0.183000
-0.020000  0.011000  0.017000  0.051000  -0.003000  0.001000
-0.007000  -0.036000  0.119000  -0.003000  0.037000  0.011000
0.017000  -0.163000  -0.183000  0.001000  0.011000  0.059000
-0.590000  -0.950000  3.440000  -0.400000  -2.700000  32.400000
>gM
2.498810  0.032610  -0.021050  -0.050900  -0.005430  -0.000880
0.032610  4.815160  3.221590  -0.001150  -0.058570  -0.242480
-0.021050  3.221590  12.953430  0.001080  0.169720  -0.172540
-0.050900  -0.001150  0.001090  0.054780  0.000070  0.000030
-0.005430  -0.058570  0.169710  0.000070  0.051280  0.012330
-0.000880  -0.242480  -0.172550  0.000030  0.012330  0.060640
0.000000  -1.070000  3.500000  0.000000  -2.870000  31.120000
>AH					
1.849000  -0.459000  0.150000  -0.001000  0.019000  -0.025000
-0.459000  4.716000  3.518000  -0.010000  -0.004000  -0.162000
0.150000  3.518000  12.019000  0.004000  0.114000  -0.164000
-0.001000  -0.010000  0.004000  0.051000  0.004000  -0.003000
0.019000  -0.004000  0.114000  0.004000  0.033000  0.009000
-0.025000  -0.162000  -0.164000  -0.003000  0.009000  0.062000
0.673000  -0.893000  3.398000  0.478000  -2.135000  31.935000
>CH					
2.540000  -1.104000  -0.640000  -0.090000  -0.029000  -0.105000
-1.104000  3.208000  1.718000  0.040000  0.002000  -0.226000
-0.640000  1.718000  11.568000  0.343000  0.043000  -0.198000
-0.090000  0.040000  0.343000  0.062000  0.002000  -0.010000
-0.029000  0.002000  0.043000  0.002000  0.026000  0.006000
-0.105000  -0.226000  -0.198000  -0.010000  0.006000  0.062000
0.875000  -0.525000  3.395000  3.495000  0.615000  35.435000
>GH					
2.155000  -0.936000  -0.358000  -0.082000  -0.013000  -0.061000
-0.936000  4.567000  3.444000  0.023000  0.067000  -0.189000
-0.358000  3.444000  12.815000  -0.007000  0.158000  -0.173000
-0.082000  0.023000  -0.007000  0.048000  -0.003000  -0.007000
-0.013000  0.067000  0.158000  -0.003000  0.030000  0.004000
-0.061000  -0.189000  -0.173000  -0.007000  0.004000  0.055000
0.587000  -0.650000  3.417000  1.927000  -1.787000  33.603000
>TH					
2.391000  -0.853000  -0.837000  -0.047000  -0.026000  -0.040000
-0.853000  4.079000  1.565000  0.022000  -0.048000  -0.259000
-0.837000  1.565000  12.072000  0.372000  0.044000  -0.162000
-0.047000  0.022000  0.372000  0.054000  0.003000  -0.006000
-0.026000  -0.048000  0.044000  0.003000  0.027000  0.010000
-0.040000  -0.259000  -0.162000  -0.006000  0.010000  0.067000
1.050000  -0.010000  3.330000  3.710000  -0.740000  37.980000
>JA					
3.003000  1.128000  1.093000  -0.065000  0.036000  0.067000
1.128000  5.180000  2.190000  -0.036000  -0.045000  -0.336000
1.093000  2.190000  15.804000  -0.480000  0.049000  -0.251000
-0.065000  -0.036000  -0.480000  0.071000  -0.004000  0.009000
0.036000  -0.045000  0.049000  -0.004000  0.037000  0.012000
0.067000  -0.336000  -0.251000  0.009000  0.012000  0.085000
-1.018000  -0.043000  3.335000  -3.695000  -0.635000  37.833000
>JC					
2.399000  1.059000  0.213000  -0.088000  0.007000  0.019000
1.059000  4.414000  3.368000  -0.027000  0.048000  -0.201000
0.213000  3.368000  12.537000  0.016000  0.147000  -0.171000
-0.088000  -0.027000  0.016000  0.049000  0.003000  0.007000
0.007000  0.048000  0.147000  0.003000  0.030000  0.007000
0.019000  -0.201000  -0.171000  0.007000  0.007000  0.059000
-0.630000  -0.735000  3.450000  -1.965000  -1.490000  34.170000
>JG					
2.345000  0.937000  0.629000  -0.092000  0.034000  0.115000
0.937000  2.986000  1.806000  -0.041000  0.000000  -0.204000
0.629000  1.806000  11.180000  -0.326000  0.038000  -0.219000
-0.092000  -0.041000  -0.326000  0.060000  -0.002000  0.010000
0.034000  0.000000  0.038000  -0.002000  0.026000  0.006000
0.115000  -0.204000  -0.219000  0.010000  0.006000  0.057000
-0.787000  -0.623000  3.403000  -3.330000  1.110000  34.860000
>JT					
2.115000  -0.005000  -0.330000  -0.019000  -0.003000  0.037000
-0.005000  4.218000  3.389000  0.036000  -0.045000  -0.145000
-0.330000  3.389000  11.669000  0.013000  0.100000  -0.179000
-0.019000  0.036000  0.013000  0.050000  -0.004000  0.002000
-0.003000  -0.045000  0.100000  -0.004000  0.036000  0.010000
0.037000  -0.145000  -0.179000  0.002000  0.010000  0.057000
-0.640000  -1.010000  3.430000  -0.200000  -1.960000  31.660000
>JH
2.793470  -0.050890  0.020380  -0.050400  -0.003410  0.004670
-0.050890  5.194690  3.507830  -0.000900  -0.056150  -0.260870
0.020390  3.507740  13.303390  -0.002940  0.133350  -0.164570
-0.050400  -0.000900  -0.002940  0.055350  0.000090  -0.000310
-0.003410  -0.056160  0.133340  0.000090  0.048940  0.012580
0.004670  -0.260890  -0.164590  -0.000310  0.012580  0.068300
-0.020000  -1.150000  3.500000  -0.030000  -1.950000  29.890000
